0 0.30625 0.5152542372881356 0.06875 0.2033898305084746
0 0.7328125 0.6237288135593221 0.096875 0.1864406779661017
0 0.6140625 0.864406779661017 0.1109375 0.23389830508474577
0 0.8421875 0.4745762711864407 0.053125 0.1152542372881356
0 0.753125 0.31864406779661014 0.0453125 0.15593220338983052
0 0.5609375 0.22033898305084745 0.0484375 0.10508474576271186
1 0.403125 0.9661016949152542 0.0296875 0.04067796610169491
1 0.5953125 0.7932203389830509 0.0265625 0.0711864406779661
1 0.709375 0.6067796610169491 0.0234375 0.0576271186440678
1 0.8359375 0.4711864406779661 0.015625 0.05084745762711865
1 0.74375 0.3016949152542373 0.0140625 0.04745762711864407
1 0.546875 0.2135593220338983 0.0140625 0.04067796610169491
1 0.884375 0.5525423728813559 0.0140625 0.03728813559322034
1 0.6703125 0.4440677966101695 0.015625 0.030508474576271188