0 0.28125 0.423728813559322 0.053125 0.2
1 0.284375 0.4542372881355932 0.015625 0.02711864406779661
1 0.4515625 0.21694915254237288 0.009375 0.01694915254237288
0 0.565625 0.2305084745762712 0.0265625 0.07796610169491526
0 0.58125 0.3728813559322034 0.0421875 0.13559322033898305
1 0.571875 0.41694915254237286 0.009375 0.020338983050847456
1 0.4890625 0.46779661016949153 0.015625 0.013559322033898305
0 0.4734375 0.3559322033898305 0.046875 0.12542372881355932
1 0.4609375 0.37966101694915255 0.0109375 0.010169491525423728
0 0.509375 0.43389830508474575 0.0421875 0.12542372881355932
0 0.740625 0.6779661016949152 0.0625 0.10847457627118644