0 0.3109375 0.5152542372881356 0.071875 0.2033898305084746
0 0.6140625 0.8677966101694915 0.109375 0.22372881355932203
0 0.5625 0.24067796610169492 0.05625 0.12542372881355932
0 0.7546875 0.3220338983050847 0.0515625 0.11186440677966102
0 0.8453125 0.488135593220339 0.0375 0.09491525423728814
0 0.7375 0.6440677966101694 0.0796875 0.2033898305084746
1 0.40625 0.9627118644067797 0.01875 0.02711864406779661
1 0.5953125 0.7932203389830509 0.0203125 0.06779661016949153
1 0.7109375 0.6169491525423729 0.015625 0.04406779661016949
1 0.8328125 0.49491525423728816 0.0171875 0.03389830508474576
1 0.7390625 0.31186440677966104 0.0140625 0.05423728813559322
1 0.553125 0.22372881355932203 0.0171875 0.04067796610169491
1 0.6125 0.4745762711864407 0.0140625 0.023728813559322035
1 0.878125 0.5627118644067797 0.0109375 0.02711864406779661