0 0.2796875 0.43389830508474575 0.0625 0.2135593220338983
1 0.284375 0.4440677966101695 0.0140625 0.030508474576271188
1 0.45625 0.22033898305084745 0.00625 0.020338983050847456
0 0.5609375 0.23389830508474577 0.03125 0.08135593220338982
1 0.55625 0.2542372881355932 0.0078125 0.013559322033898305
0 0.5765625 0.38305084745762713 0.0421875 0.13220338983050847
1 0.5703125 0.41694915254237286 0.0078125 0.01694915254237288
0 0.5015625 0.44745762711864406 0.053125 0.1423728813559322
1 0.4875 0.4711864406779661 0.0171875 0.020338983050847456
0 0.4703125 0.3559322033898305 0.05 0.12203389830508475
1 0.459375 0.38305084745762713 0.015625 0.01694915254237288
0 0.7328125 0.6847457627118644 0.0625 0.11864406779661017